2020/06/25-15:39:19.870639 113682dc0 RocksDB version: 6.7.3
2020/06/25-15:39:19.870683 113682dc0 Git sha rocksdb_build_git_sha:@0915c99f01b46f50af8e02da8b6528156f584b7c@
2020/06/25-15:39:19.870685 113682dc0 Compile date Jun 10 2020
2020/06/25-15:39:19.870687 113682dc0 DB SUMMARY
2020/06/25-15:39:19.870720 113682dc0 SST files in ./0_dev_config/0/libradb/db/consensusdb dir, Total Num: 0, files: 
2020/06/25-15:39:19.870723 113682dc0 Write Ahead Log file in ./0_dev_config/0/libradb/db/consensusdb: 
2020/06/25-15:39:19.870724 113682dc0                         Options.error_if_exists: 0
2020/06/25-15:39:19.870726 113682dc0                       Options.create_if_missing: 1
2020/06/25-15:39:19.870727 113682dc0                         Options.paranoid_checks: 1
2020/06/25-15:39:19.870727 113682dc0                                     Options.env: 0x109cc5430
2020/06/25-15:39:19.870729 113682dc0                                      Options.fs: Posix File System
2020/06/25-15:39:19.870730 113682dc0                                Options.info_log: 0x7fde92006ad0
2020/06/25-15:39:19.870731 113682dc0                Options.max_file_opening_threads: 16
2020/06/25-15:39:19.870732 113682dc0                              Options.statistics: 0x0
2020/06/25-15:39:19.870733 113682dc0                               Options.use_fsync: 0
2020/06/25-15:39:19.870733 113682dc0                       Options.max_log_file_size: 0
2020/06/25-15:39:19.870734 113682dc0                  Options.max_manifest_file_size: 1073741824
2020/06/25-15:39:19.870735 113682dc0                   Options.log_file_time_to_roll: 0
2020/06/25-15:39:19.870736 113682dc0                       Options.keep_log_file_num: 1000
2020/06/25-15:39:19.870737 113682dc0                    Options.recycle_log_file_num: 0
2020/06/25-15:39:19.870738 113682dc0                         Options.allow_fallocate: 1
2020/06/25-15:39:19.870739 113682dc0                        Options.allow_mmap_reads: 0
2020/06/25-15:39:19.870740 113682dc0                       Options.allow_mmap_writes: 0
2020/06/25-15:39:19.870740 113682dc0                        Options.use_direct_reads: 0
2020/06/25-15:39:19.870741 113682dc0                        Options.use_direct_io_for_flush_and_compaction: 0
2020/06/25-15:39:19.870742 113682dc0          Options.create_missing_column_families: 1
2020/06/25-15:39:19.870743 113682dc0                              Options.db_log_dir: 
2020/06/25-15:39:19.870744 113682dc0                                 Options.wal_dir: ./0_dev_config/0/libradb/db/consensusdb
2020/06/25-15:39:19.870745 113682dc0                Options.table_cache_numshardbits: 6
2020/06/25-15:39:19.870746 113682dc0                      Options.max_subcompactions: 1
2020/06/25-15:39:19.870747 113682dc0                  Options.max_background_flushes: -1
2020/06/25-15:39:19.870747 113682dc0                         Options.WAL_ttl_seconds: 0
2020/06/25-15:39:19.870748 113682dc0                       Options.WAL_size_limit_MB: 0
2020/06/25-15:39:19.870749 113682dc0                        Options.max_write_batch_group_size_bytes: 1048576
2020/06/25-15:39:19.870750 113682dc0             Options.manifest_preallocation_size: 4194304
2020/06/25-15:39:19.870751 113682dc0                     Options.is_fd_close_on_exec: 1
2020/06/25-15:39:19.870752 113682dc0                   Options.advise_random_on_open: 1
2020/06/25-15:39:19.870753 113682dc0                    Options.db_write_buffer_size: 0
2020/06/25-15:39:19.870753 113682dc0                    Options.write_buffer_manager: 0x7fde92006a70
2020/06/25-15:39:19.870754 113682dc0         Options.access_hint_on_compaction_start: 1
2020/06/25-15:39:19.870755 113682dc0  Options.new_table_reader_for_compaction_inputs: 0
2020/06/25-15:39:19.870756 113682dc0           Options.random_access_max_buffer_size: 1048576
2020/06/25-15:39:19.870757 113682dc0                      Options.use_adaptive_mutex: 0
2020/06/25-15:39:19.870758 113682dc0                            Options.rate_limiter: 0x0
2020/06/25-15:39:19.870759 113682dc0     Options.sst_file_manager.rate_bytes_per_sec: 0
2020/06/25-15:39:19.870761 113682dc0                       Options.wal_recovery_mode: 2
2020/06/25-15:39:19.870780 113682dc0                  Options.enable_thread_tracking: 0
2020/06/25-15:39:19.870781 113682dc0                  Options.enable_pipelined_write: 0
2020/06/25-15:39:19.870782 113682dc0                  Options.unordered_write: 0
2020/06/25-15:39:19.870783 113682dc0         Options.allow_concurrent_memtable_write: 1
2020/06/25-15:39:19.870784 113682dc0      Options.enable_write_thread_adaptive_yield: 1
2020/06/25-15:39:19.870785 113682dc0             Options.write_thread_max_yield_usec: 100
2020/06/25-15:39:19.870786 113682dc0            Options.write_thread_slow_yield_usec: 3
2020/06/25-15:39:19.870787 113682dc0                               Options.row_cache: None
2020/06/25-15:39:19.870788 113682dc0                              Options.wal_filter: None
2020/06/25-15:39:19.870789 113682dc0             Options.avoid_flush_during_recovery: 0
2020/06/25-15:39:19.870790 113682dc0             Options.allow_ingest_behind: 0
2020/06/25-15:39:19.870791 113682dc0             Options.preserve_deletes: 0
2020/06/25-15:39:19.870791 113682dc0             Options.two_write_queues: 0
2020/06/25-15:39:19.870792 113682dc0             Options.manual_wal_flush: 0
2020/06/25-15:39:19.870793 113682dc0             Options.atomic_flush: 0
2020/06/25-15:39:19.870794 113682dc0             Options.avoid_unnecessary_blocking_io: 0
2020/06/25-15:39:19.870795 113682dc0                 Options.persist_stats_to_disk: 0
2020/06/25-15:39:19.870796 113682dc0                 Options.write_dbid_to_manifest: 0
2020/06/25-15:39:19.870797 113682dc0                 Options.log_readahead_size: 0
2020/06/25-15:39:19.870798 113682dc0             Options.max_background_jobs: 2
2020/06/25-15:39:19.870799 113682dc0             Options.max_background_compactions: -1
2020/06/25-15:39:19.870800 113682dc0             Options.avoid_flush_during_shutdown: 0
2020/06/25-15:39:19.870800 113682dc0           Options.writable_file_max_buffer_size: 1048576
2020/06/25-15:39:19.870801 113682dc0             Options.delayed_write_rate : 16777216
2020/06/25-15:39:19.870802 113682dc0             Options.max_total_wal_size: 1073741824
2020/06/25-15:39:19.870803 113682dc0             Options.delete_obsolete_files_period_micros: 21600000000
2020/06/25-15:39:19.870804 113682dc0                   Options.stats_dump_period_sec: 600
2020/06/25-15:39:19.870805 113682dc0                 Options.stats_persist_period_sec: 600
2020/06/25-15:39:19.870806 113682dc0                 Options.stats_history_buffer_size: 1048576
2020/06/25-15:39:19.870807 113682dc0                          Options.max_open_files: -1
2020/06/25-15:39:19.870808 113682dc0                          Options.bytes_per_sync: 0
2020/06/25-15:39:19.870809 113682dc0                      Options.wal_bytes_per_sync: 0
2020/06/25-15:39:19.870810 113682dc0                   Options.strict_bytes_per_sync: 0
2020/06/25-15:39:19.870811 113682dc0       Options.compaction_readahead_size: 0
2020/06/25-15:39:19.870812 113682dc0 Compression algorithms supported:
2020/06/25-15:39:19.870813 113682dc0 	kZSTD supported: 0
2020/06/25-15:39:19.870815 113682dc0 	kZlibCompression supported: 0
2020/06/25-15:39:19.870816 113682dc0 	kXpressCompression supported: 0
2020/06/25-15:39:19.870817 113682dc0 	kSnappyCompression supported: 0
2020/06/25-15:39:19.870818 113682dc0 	kZSTDNotFinalCompression supported: 0
2020/06/25-15:39:19.870819 113682dc0 	kLZ4HCCompression supported: 1
2020/06/25-15:39:19.870820 113682dc0 	kLZ4Compression supported: 1
2020/06/25-15:39:19.870821 113682dc0 	kBZip2Compression supported: 0
2020/06/25-15:39:19.870823 113682dc0 Fast CRC32 supported: Supported on x86
2020/06/25-15:39:19.871544 113682dc0 [db_impl/db_impl_open.cc:267] Creating manifest 1 
2020/06/25-15:39:19.872280 113682dc0 [version_set.cc:4402] Recovering from manifest file: ./0_dev_config/0/libradb/db/consensusdb/MANIFEST-000001
2020/06/25-15:39:19.872364 113682dc0 [column_family.cc:552] --------------- Options for column family [default]:
2020/06/25-15:39:19.872367 113682dc0               Options.comparator: leveldb.BytewiseComparator
2020/06/25-15:39:19.872388 113682dc0           Options.merge_operator: None
2020/06/25-15:39:19.872390 113682dc0        Options.compaction_filter: None
2020/06/25-15:39:19.872391 113682dc0        Options.compaction_filter_factory: None
2020/06/25-15:39:19.872392 113682dc0         Options.memtable_factory: SkipListFactory
2020/06/25-15:39:19.872393 113682dc0            Options.table_factory: BlockBasedTable
2020/06/25-15:39:19.872410 113682dc0            table_factory options:   flush_block_policy_factory: FlushBlockBySizePolicyFactory (0x7fde9060e6b0)
  cache_index_and_filter_blocks: 0
  cache_index_and_filter_blocks_with_high_priority: 1
  pin_l0_filter_and_index_blocks_in_cache: 0
  pin_top_level_index_and_filter: 1
  index_type: 0
  data_block_index_type: 0
  index_shortening: 1
  data_block_hash_table_util_ratio: 0.750000
  hash_index_allow_collision: 1
  checksum: 1
  no_block_cache: 0
  block_cache: 0x7fde9060e6f8
  block_cache_name: LRUCache
  block_cache_options:
    capacity : 8388608
    num_shard_bits : 4
    strict_capacity_limit : 0
    memory_allocator : None
    high_pri_pool_ratio: 0.000
  block_cache_compressed: 0x0
  persistent_cache: 0x0
  block_size: 4096
  block_size_deviation: 10
  block_restart_interval: 16
  index_block_restart_interval: 1
  metadata_block_size: 4096
  partition_filters: 0
  use_delta_encoding: 1
  filter_policy: nullptr
  whole_key_filtering: 1
  verify_compression: 0
  read_amp_bytes_per_bit: 0
  format_version: 2
  enable_index_compression: 1
  block_align: 0
2020/06/25-15:39:19.872412 113682dc0        Options.write_buffer_size: 67108864
2020/06/25-15:39:19.872413 113682dc0  Options.max_write_buffer_number: 2
2020/06/25-15:39:19.872415 113682dc0          Options.compression: LZ4
2020/06/25-15:39:19.872416 113682dc0                  Options.bottommost_compression: Disabled
2020/06/25-15:39:19.872417 113682dc0       Options.prefix_extractor: nullptr
2020/06/25-15:39:19.872418 113682dc0   Options.memtable_insert_with_hint_prefix_extractor: nullptr
2020/06/25-15:39:19.872419 113682dc0             Options.num_levels: 7
2020/06/25-15:39:19.872419 113682dc0        Options.min_write_buffer_number_to_merge: 1
2020/06/25-15:39:19.872420 113682dc0     Options.max_write_buffer_number_to_maintain: 0
2020/06/25-15:39:19.872421 113682dc0     Options.max_write_buffer_size_to_maintain: 0
2020/06/25-15:39:19.872422 113682dc0            Options.bottommost_compression_opts.window_bits: -14
2020/06/25-15:39:19.872423 113682dc0                  Options.bottommost_compression_opts.level: 32767
2020/06/25-15:39:19.872424 113682dc0               Options.bottommost_compression_opts.strategy: 0
2020/06/25-15:39:19.872425 113682dc0         Options.bottommost_compression_opts.max_dict_bytes: 0
2020/06/25-15:39:19.872426 113682dc0         Options.bottommost_compression_opts.zstd_max_train_bytes: 0
2020/06/25-15:39:19.872427 113682dc0                  Options.bottommost_compression_opts.enabled: false
2020/06/25-15:39:19.872428 113682dc0            Options.compression_opts.window_bits: -14
2020/06/25-15:39:19.872429 113682dc0                  Options.compression_opts.level: 32767
2020/06/25-15:39:19.872429 113682dc0               Options.compression_opts.strategy: 0
2020/06/25-15:39:19.872430 113682dc0         Options.compression_opts.max_dict_bytes: 0
2020/06/25-15:39:19.872431 113682dc0         Options.compression_opts.zstd_max_train_bytes: 0
2020/06/25-15:39:19.872432 113682dc0                  Options.compression_opts.enabled: false
2020/06/25-15:39:19.872433 113682dc0      Options.level0_file_num_compaction_trigger: 4
2020/06/25-15:39:19.872434 113682dc0          Options.level0_slowdown_writes_trigger: 20
2020/06/25-15:39:19.872434 113682dc0              Options.level0_stop_writes_trigger: 36
2020/06/25-15:39:19.872435 113682dc0                   Options.target_file_size_base: 67108864
2020/06/25-15:39:19.872436 113682dc0             Options.target_file_size_multiplier: 1
2020/06/25-15:39:19.872437 113682dc0                Options.max_bytes_for_level_base: 268435456
2020/06/25-15:39:19.872438 113682dc0 Options.level_compaction_dynamic_level_bytes: 0
2020/06/25-15:39:19.872452 113682dc0          Options.max_bytes_for_level_multiplier: 10.000000
2020/06/25-15:39:19.872453 113682dc0 Options.max_bytes_for_level_multiplier_addtl[0]: 1
2020/06/25-15:39:19.872454 113682dc0 Options.max_bytes_for_level_multiplier_addtl[1]: 1
2020/06/25-15:39:19.872455 113682dc0 Options.max_bytes_for_level_multiplier_addtl[2]: 1
2020/06/25-15:39:19.872456 113682dc0 Options.max_bytes_for_level_multiplier_addtl[3]: 1
2020/06/25-15:39:19.872457 113682dc0 Options.max_bytes_for_level_multiplier_addtl[4]: 1
2020/06/25-15:39:19.872458 113682dc0 Options.max_bytes_for_level_multiplier_addtl[5]: 1
2020/06/25-15:39:19.872459 113682dc0 Options.max_bytes_for_level_multiplier_addtl[6]: 1
2020/06/25-15:39:19.872459 113682dc0       Options.max_sequential_skip_in_iterations: 8
2020/06/25-15:39:19.872460 113682dc0                    Options.max_compaction_bytes: 1677721600
2020/06/25-15:39:19.872461 113682dc0                        Options.arena_block_size: 8388608
2020/06/25-15:39:19.872462 113682dc0   Options.soft_pending_compaction_bytes_limit: 68719476736
2020/06/25-15:39:19.872463 113682dc0   Options.hard_pending_compaction_bytes_limit: 274877906944
2020/06/25-15:39:19.872464 113682dc0       Options.rate_limit_delay_max_milliseconds: 100
2020/06/25-15:39:19.872465 113682dc0                Options.disable_auto_compactions: 0
2020/06/25-15:39:19.872467 113682dc0                        Options.compaction_style: kCompactionStyleLevel
2020/06/25-15:39:19.872469 113682dc0                          Options.compaction_pri: kMinOverlappingRatio
2020/06/25-15:39:19.872470 113682dc0 Options.compaction_options_universal.size_ratio: 1
2020/06/25-15:39:19.872471 113682dc0 Options.compaction_options_universal.min_merge_width: 2
2020/06/25-15:39:19.872472 113682dc0 Options.compaction_options_universal.max_merge_width: 4294967295
2020/06/25-15:39:19.872472 113682dc0 Options.compaction_options_universal.max_size_amplification_percent: 200
2020/06/25-15:39:19.872473 113682dc0 Options.compaction_options_universal.compression_size_percent: -1
2020/06/25-15:39:19.872475 113682dc0 Options.compaction_options_universal.stop_style: kCompactionStopStyleTotalSize
2020/06/25-15:39:19.872476 113682dc0 Options.compaction_options_fifo.max_table_files_size: 1073741824
2020/06/25-15:39:19.872477 113682dc0 Options.compaction_options_fifo.allow_compaction: 0
2020/06/25-15:39:19.872478 113682dc0                   Options.table_properties_collectors: 
2020/06/25-15:39:19.872479 113682dc0                   Options.inplace_update_support: 0
2020/06/25-15:39:19.872480 113682dc0                 Options.inplace_update_num_locks: 10000
2020/06/25-15:39:19.872481 113682dc0               Options.memtable_prefix_bloom_size_ratio: 0.000000
2020/06/25-15:39:19.872482 113682dc0               Options.memtable_whole_key_filtering: 0
2020/06/25-15:39:19.872483 113682dc0   Options.memtable_huge_page_size: 0
2020/06/25-15:39:19.872484 113682dc0                           Options.bloom_locality: 0
2020/06/25-15:39:19.872485 113682dc0                    Options.max_successive_merges: 0
2020/06/25-15:39:19.872485 113682dc0                Options.optimize_filters_for_hits: 0
2020/06/25-15:39:19.872486 113682dc0                Options.paranoid_file_checks: 0
2020/06/25-15:39:19.872487 113682dc0                Options.force_consistency_checks: 0
2020/06/25-15:39:19.872488 113682dc0                Options.report_bg_io_stats: 0
2020/06/25-15:39:19.872489 113682dc0                               Options.ttl: 2592000
2020/06/25-15:39:19.872490 113682dc0          Options.periodic_compaction_seconds: 0
2020/06/25-15:39:19.873013 113682dc0 [version_set.cc:4554] Recovered from manifest file:./0_dev_config/0/libradb/db/consensusdb/MANIFEST-000001 succeeded,manifest_file_number is 1, next_file_number is 3, last_sequence is 0, log_number is 0,prev_log_number is 0,max_column_family is 0,min_log_number_to_keep is 0
2020/06/25-15:39:19.873018 113682dc0 [version_set.cc:4563] Column family [default] (ID 0), log number is 0
2020/06/25-15:39:19.873258 113682dc0 [version_set.cc:3815] Creating manifest 4
2020/06/25-15:39:19.874114 113682dc0 [column_family.cc:552] --------------- Options for column family [block]:
2020/06/25-15:39:19.874119 113682dc0               Options.comparator: leveldb.BytewiseComparator
2020/06/25-15:39:19.874121 113682dc0           Options.merge_operator: None
2020/06/25-15:39:19.874122 113682dc0        Options.compaction_filter: None
2020/06/25-15:39:19.874123 113682dc0        Options.compaction_filter_factory: None
2020/06/25-15:39:19.874124 113682dc0         Options.memtable_factory: SkipListFactory
2020/06/25-15:39:19.874126 113682dc0            Options.table_factory: BlockBasedTable
2020/06/25-15:39:19.874144 113682dc0            table_factory options:   flush_block_policy_factory: FlushBlockBySizePolicyFactory (0x7fde9060f1f0)
  cache_index_and_filter_blocks: 0
  cache_index_and_filter_blocks_with_high_priority: 1
  pin_l0_filter_and_index_blocks_in_cache: 0
  pin_top_level_index_and_filter: 1
  index_type: 0
  data_block_index_type: 0
  index_shortening: 1
  data_block_hash_table_util_ratio: 0.750000
  hash_index_allow_collision: 1
  checksum: 1
  no_block_cache: 0
  block_cache: 0x7fde9060f238
  block_cache_name: LRUCache
  block_cache_options:
    capacity : 8388608
    num_shard_bits : 4
    strict_capacity_limit : 0
    memory_allocator : None
    high_pri_pool_ratio: 0.000
  block_cache_compressed: 0x0
  persistent_cache: 0x0
  block_size: 4096
  block_size_deviation: 10
  block_restart_interval: 16
  index_block_restart_interval: 1
  metadata_block_size: 4096
  partition_filters: 0
  use_delta_encoding: 1
  filter_policy: nullptr
  whole_key_filtering: 1
  verify_compression: 0
  read_amp_bytes_per_bit: 0
  format_version: 2
  enable_index_compression: 1
  block_align: 0
2020/06/25-15:39:19.874150 113682dc0        Options.write_buffer_size: 67108864
2020/06/25-15:39:19.874151 113682dc0  Options.max_write_buffer_number: 2
2020/06/25-15:39:19.874153 113682dc0          Options.compression: LZ4
2020/06/25-15:39:19.874187 113682dc0                  Options.bottommost_compression: Disabled
2020/06/25-15:39:19.874189 113682dc0       Options.prefix_extractor: nullptr
2020/06/25-15:39:19.874190 113682dc0   Options.memtable_insert_with_hint_prefix_extractor: nullptr
2020/06/25-15:39:19.874191 113682dc0             Options.num_levels: 7
2020/06/25-15:39:19.874192 113682dc0        Options.min_write_buffer_number_to_merge: 1
2020/06/25-15:39:19.874192 113682dc0     Options.max_write_buffer_number_to_maintain: 0
2020/06/25-15:39:19.874193 113682dc0     Options.max_write_buffer_size_to_maintain: 0
2020/06/25-15:39:19.874194 113682dc0            Options.bottommost_compression_opts.window_bits: -14
2020/06/25-15:39:19.874195 113682dc0                  Options.bottommost_compression_opts.level: 32767
2020/06/25-15:39:19.874196 113682dc0               Options.bottommost_compression_opts.strategy: 0
2020/06/25-15:39:19.874197 113682dc0         Options.bottommost_compression_opts.max_dict_bytes: 0
2020/06/25-15:39:19.874198 113682dc0         Options.bottommost_compression_opts.zstd_max_train_bytes: 0
2020/06/25-15:39:19.874199 113682dc0                  Options.bottommost_compression_opts.enabled: false
2020/06/25-15:39:19.874200 113682dc0            Options.compression_opts.window_bits: -14
2020/06/25-15:39:19.874201 113682dc0                  Options.compression_opts.level: 32767
2020/06/25-15:39:19.874201 113682dc0               Options.compression_opts.strategy: 0
2020/06/25-15:39:19.874202 113682dc0         Options.compression_opts.max_dict_bytes: 0
2020/06/25-15:39:19.874203 113682dc0         Options.compression_opts.zstd_max_train_bytes: 0
2020/06/25-15:39:19.874204 113682dc0                  Options.compression_opts.enabled: false
2020/06/25-15:39:19.874205 113682dc0      Options.level0_file_num_compaction_trigger: 4
2020/06/25-15:39:19.874206 113682dc0          Options.level0_slowdown_writes_trigger: 20
2020/06/25-15:39:19.874207 113682dc0              Options.level0_stop_writes_trigger: 36
2020/06/25-15:39:19.874207 113682dc0                   Options.target_file_size_base: 67108864
2020/06/25-15:39:19.874208 113682dc0             Options.target_file_size_multiplier: 1
2020/06/25-15:39:19.874228 113682dc0                Options.max_bytes_for_level_base: 268435456
2020/06/25-15:39:19.874229 113682dc0 Options.level_compaction_dynamic_level_bytes: 0
2020/06/25-15:39:19.874230 113682dc0          Options.max_bytes_for_level_multiplier: 10.000000
2020/06/25-15:39:19.874231 113682dc0 Options.max_bytes_for_level_multiplier_addtl[0]: 1
2020/06/25-15:39:19.874232 113682dc0 Options.max_bytes_for_level_multiplier_addtl[1]: 1
2020/06/25-15:39:19.874233 113682dc0 Options.max_bytes_for_level_multiplier_addtl[2]: 1
2020/06/25-15:39:19.874234 113682dc0 Options.max_bytes_for_level_multiplier_addtl[3]: 1
2020/06/25-15:39:19.874235 113682dc0 Options.max_bytes_for_level_multiplier_addtl[4]: 1
2020/06/25-15:39:19.874236 113682dc0 Options.max_bytes_for_level_multiplier_addtl[5]: 1
2020/06/25-15:39:19.874237 113682dc0 Options.max_bytes_for_level_multiplier_addtl[6]: 1
2020/06/25-15:39:19.874238 113682dc0       Options.max_sequential_skip_in_iterations: 8
2020/06/25-15:39:19.874238 113682dc0                    Options.max_compaction_bytes: 1677721600
2020/06/25-15:39:19.874239 113682dc0                        Options.arena_block_size: 8388608
2020/06/25-15:39:19.874240 113682dc0   Options.soft_pending_compaction_bytes_limit: 68719476736
2020/06/25-15:39:19.874241 113682dc0   Options.hard_pending_compaction_bytes_limit: 274877906944
2020/06/25-15:39:19.874242 113682dc0       Options.rate_limit_delay_max_milliseconds: 100
2020/06/25-15:39:19.874243 113682dc0                Options.disable_auto_compactions: 0
2020/06/25-15:39:19.874245 113682dc0                        Options.compaction_style: kCompactionStyleLevel
2020/06/25-15:39:19.874246 113682dc0                          Options.compaction_pri: kMinOverlappingRatio
2020/06/25-15:39:19.874247 113682dc0 Options.compaction_options_universal.size_ratio: 1
2020/06/25-15:39:19.874248 113682dc0 Options.compaction_options_universal.min_merge_width: 2
2020/06/25-15:39:19.874249 113682dc0 Options.compaction_options_universal.max_merge_width: 4294967295
2020/06/25-15:39:19.874250 113682dc0 Options.compaction_options_universal.max_size_amplification_percent: 200
2020/06/25-15:39:19.874251 113682dc0 Options.compaction_options_universal.compression_size_percent: -1
2020/06/25-15:39:19.874253 113682dc0 Options.compaction_options_universal.stop_style: kCompactionStopStyleTotalSize
2020/06/25-15:39:19.874254 113682dc0 Options.compaction_options_fifo.max_table_files_size: 1073741824
2020/06/25-15:39:19.874255 113682dc0 Options.compaction_options_fifo.allow_compaction: 0
2020/06/25-15:39:19.874256 113682dc0                   Options.table_properties_collectors: 
2020/06/25-15:39:19.874257 113682dc0                   Options.inplace_update_support: 0
2020/06/25-15:39:19.874257 113682dc0                 Options.inplace_update_num_locks: 10000
2020/06/25-15:39:19.874258 113682dc0               Options.memtable_prefix_bloom_size_ratio: 0.000000
2020/06/25-15:39:19.874259 113682dc0               Options.memtable_whole_key_filtering: 0
2020/06/25-15:39:19.874260 113682dc0   Options.memtable_huge_page_size: 0
2020/06/25-15:39:19.874261 113682dc0                           Options.bloom_locality: 0
2020/06/25-15:39:19.874262 113682dc0                    Options.max_successive_merges: 0
2020/06/25-15:39:19.874263 113682dc0                Options.optimize_filters_for_hits: 0
2020/06/25-15:39:19.874264 113682dc0                Options.paranoid_file_checks: 0
2020/06/25-15:39:19.874264 113682dc0                Options.force_consistency_checks: 0
2020/06/25-15:39:19.874265 113682dc0                Options.report_bg_io_stats: 0
2020/06/25-15:39:19.874266 113682dc0                               Options.ttl: 2592000
2020/06/25-15:39:19.874267 113682dc0          Options.periodic_compaction_seconds: 0
2020/06/25-15:39:19.874344 113682dc0 [db_impl/db_impl.cc:2323] Created column family [block] (ID 1)
2020/06/25-15:39:19.877173 113682dc0 [column_family.cc:552] --------------- Options for column family [quorum_certificate]:
2020/06/25-15:39:19.877180 113682dc0               Options.comparator: leveldb.BytewiseComparator
2020/06/25-15:39:19.877183 113682dc0           Options.merge_operator: None
2020/06/25-15:39:19.877184 113682dc0        Options.compaction_filter: None
2020/06/25-15:39:19.877186 113682dc0        Options.compaction_filter_factory: None
2020/06/25-15:39:19.877188 113682dc0         Options.memtable_factory: SkipListFactory
2020/06/25-15:39:19.877189 113682dc0            Options.table_factory: BlockBasedTable
2020/06/25-15:39:19.877215 113682dc0            table_factory options:   flush_block_policy_factory: FlushBlockBySizePolicyFactory (0x7fde9060fd30)
  cache_index_and_filter_blocks: 0
  cache_index_and_filter_blocks_with_high_priority: 1
  pin_l0_filter_and_index_blocks_in_cache: 0
  pin_top_level_index_and_filter: 1
  index_type: 0
  data_block_index_type: 0
  index_shortening: 1
  data_block_hash_table_util_ratio: 0.750000
  hash_index_allow_collision: 1
  checksum: 1
  no_block_cache: 0
  block_cache: 0x7fde9060fd78
  block_cache_name: LRUCache
  block_cache_options:
    capacity : 8388608
    num_shard_bits : 4
    strict_capacity_limit : 0
    memory_allocator : None
    high_pri_pool_ratio: 0.000
  block_cache_compressed: 0x0
  persistent_cache: 0x0
  block_size: 4096
  block_size_deviation: 10
  block_restart_interval: 16
  index_block_restart_interval: 1
  metadata_block_size: 4096
  partition_filters: 0
  use_delta_encoding: 1
  filter_policy: nullptr
  whole_key_filtering: 1
  verify_compression: 0
  read_amp_bytes_per_bit: 0
  format_version: 2
  enable_index_compression: 1
  block_align: 0
2020/06/25-15:39:19.877219 113682dc0        Options.write_buffer_size: 67108864
2020/06/25-15:39:19.877221 113682dc0  Options.max_write_buffer_number: 2
2020/06/25-15:39:19.877223 113682dc0          Options.compression: LZ4
2020/06/25-15:39:19.877225 113682dc0                  Options.bottommost_compression: Disabled
2020/06/25-15:39:19.877227 113682dc0       Options.prefix_extractor: nullptr
2020/06/25-15:39:19.877228 113682dc0   Options.memtable_insert_with_hint_prefix_extractor: nullptr
2020/06/25-15:39:19.877230 113682dc0             Options.num_levels: 7
2020/06/25-15:39:19.877232 113682dc0        Options.min_write_buffer_number_to_merge: 1
2020/06/25-15:39:19.877233 113682dc0     Options.max_write_buffer_number_to_maintain: 0
2020/06/25-15:39:19.877235 113682dc0     Options.max_write_buffer_size_to_maintain: 0
2020/06/25-15:39:19.877237 113682dc0            Options.bottommost_compression_opts.window_bits: -14
2020/06/25-15:39:19.877239 113682dc0                  Options.bottommost_compression_opts.level: 32767
2020/06/25-15:39:19.877240 113682dc0               Options.bottommost_compression_opts.strategy: 0
2020/06/25-15:39:19.877242 113682dc0         Options.bottommost_compression_opts.max_dict_bytes: 0
2020/06/25-15:39:19.877244 113682dc0         Options.bottommost_compression_opts.zstd_max_train_bytes: 0
2020/06/25-15:39:19.877245 113682dc0                  Options.bottommost_compression_opts.enabled: false
2020/06/25-15:39:19.877247 113682dc0            Options.compression_opts.window_bits: -14
2020/06/25-15:39:19.877249 113682dc0                  Options.compression_opts.level: 32767
2020/06/25-15:39:19.877250 113682dc0               Options.compression_opts.strategy: 0
2020/06/25-15:39:19.877252 113682dc0         Options.compression_opts.max_dict_bytes: 0
2020/06/25-15:39:19.877254 113682dc0         Options.compression_opts.zstd_max_train_bytes: 0
2020/06/25-15:39:19.877255 113682dc0                  Options.compression_opts.enabled: false
2020/06/25-15:39:19.877257 113682dc0      Options.level0_file_num_compaction_trigger: 4
2020/06/25-15:39:19.877258 113682dc0          Options.level0_slowdown_writes_trigger: 20
2020/06/25-15:39:19.877260 113682dc0              Options.level0_stop_writes_trigger: 36
2020/06/25-15:39:19.877262 113682dc0                   Options.target_file_size_base: 67108864
2020/06/25-15:39:19.877290 113682dc0             Options.target_file_size_multiplier: 1
2020/06/25-15:39:19.877292 113682dc0                Options.max_bytes_for_level_base: 268435456
2020/06/25-15:39:19.877294 113682dc0 Options.level_compaction_dynamic_level_bytes: 0
2020/06/25-15:39:19.877295 113682dc0          Options.max_bytes_for_level_multiplier: 10.000000
2020/06/25-15:39:19.877298 113682dc0 Options.max_bytes_for_level_multiplier_addtl[0]: 1
2020/06/25-15:39:19.877299 113682dc0 Options.max_bytes_for_level_multiplier_addtl[1]: 1
2020/06/25-15:39:19.877301 113682dc0 Options.max_bytes_for_level_multiplier_addtl[2]: 1
2020/06/25-15:39:19.877303 113682dc0 Options.max_bytes_for_level_multiplier_addtl[3]: 1
2020/06/25-15:39:19.877304 113682dc0 Options.max_bytes_for_level_multiplier_addtl[4]: 1
2020/06/25-15:39:19.877306 113682dc0 Options.max_bytes_for_level_multiplier_addtl[5]: 1
2020/06/25-15:39:19.877308 113682dc0 Options.max_bytes_for_level_multiplier_addtl[6]: 1
2020/06/25-15:39:19.877309 113682dc0       Options.max_sequential_skip_in_iterations: 8
2020/06/25-15:39:19.877311 113682dc0                    Options.max_compaction_bytes: 1677721600
2020/06/25-15:39:19.877313 113682dc0                        Options.arena_block_size: 8388608
2020/06/25-15:39:19.877314 113682dc0   Options.soft_pending_compaction_bytes_limit: 68719476736
2020/06/25-15:39:19.877316 113682dc0   Options.hard_pending_compaction_bytes_limit: 274877906944
2020/06/25-15:39:19.877318 113682dc0       Options.rate_limit_delay_max_milliseconds: 100
2020/06/25-15:39:19.877319 113682dc0                Options.disable_auto_compactions: 0
2020/06/25-15:39:19.877322 113682dc0                        Options.compaction_style: kCompactionStyleLevel
2020/06/25-15:39:19.877325 113682dc0                          Options.compaction_pri: kMinOverlappingRatio
2020/06/25-15:39:19.877327 113682dc0 Options.compaction_options_universal.size_ratio: 1
2020/06/25-15:39:19.877328 113682dc0 Options.compaction_options_universal.min_merge_width: 2
2020/06/25-15:39:19.877330 113682dc0 Options.compaction_options_universal.max_merge_width: 4294967295
2020/06/25-15:39:19.877332 113682dc0 Options.compaction_options_universal.max_size_amplification_percent: 200
2020/06/25-15:39:19.877333 113682dc0 Options.compaction_options_universal.compression_size_percent: -1
2020/06/25-15:39:19.877336 113682dc0 Options.compaction_options_universal.stop_style: kCompactionStopStyleTotalSize
2020/06/25-15:39:19.877338 113682dc0 Options.compaction_options_fifo.max_table_files_size: 1073741824
2020/06/25-15:39:19.877340 113682dc0 Options.compaction_options_fifo.allow_compaction: 0
2020/06/25-15:39:19.877342 113682dc0                   Options.table_properties_collectors: 
2020/06/25-15:39:19.877343 113682dc0                   Options.inplace_update_support: 0
2020/06/25-15:39:19.877345 113682dc0                 Options.inplace_update_num_locks: 10000
2020/06/25-15:39:19.877347 113682dc0               Options.memtable_prefix_bloom_size_ratio: 0.000000
2020/06/25-15:39:19.877348 113682dc0               Options.memtable_whole_key_filtering: 0
2020/06/25-15:39:19.877350 113682dc0   Options.memtable_huge_page_size: 0
2020/06/25-15:39:19.877352 113682dc0                           Options.bloom_locality: 0
2020/06/25-15:39:19.877353 113682dc0                    Options.max_successive_merges: 0
2020/06/25-15:39:19.877355 113682dc0                Options.optimize_filters_for_hits: 0
2020/06/25-15:39:19.877357 113682dc0                Options.paranoid_file_checks: 0
2020/06/25-15:39:19.877358 113682dc0                Options.force_consistency_checks: 0
2020/06/25-15:39:19.877360 113682dc0                Options.report_bg_io_stats: 0
2020/06/25-15:39:19.877361 113682dc0                               Options.ttl: 2592000
2020/06/25-15:39:19.877363 113682dc0          Options.periodic_compaction_seconds: 0
2020/06/25-15:39:19.877473 113682dc0 [db_impl/db_impl.cc:2323] Created column family [quorum_certificate] (ID 2)
2020/06/25-15:39:19.882763 113682dc0 [column_family.cc:552] --------------- Options for column family [single_entry]:
2020/06/25-15:39:19.882770 113682dc0               Options.comparator: leveldb.BytewiseComparator
2020/06/25-15:39:19.882772 113682dc0           Options.merge_operator: None
2020/06/25-15:39:19.882773 113682dc0        Options.compaction_filter: None
2020/06/25-15:39:19.882775 113682dc0        Options.compaction_filter_factory: None
2020/06/25-15:39:19.882776 113682dc0         Options.memtable_factory: SkipListFactory
2020/06/25-15:39:19.882778 113682dc0            Options.table_factory: BlockBasedTable
2020/06/25-15:39:19.882802 113682dc0            table_factory options:   flush_block_policy_factory: FlushBlockBySizePolicyFactory (0x7fde90610870)
  cache_index_and_filter_blocks: 0
  cache_index_and_filter_blocks_with_high_priority: 1
  pin_l0_filter_and_index_blocks_in_cache: 0
  pin_top_level_index_and_filter: 1
  index_type: 0
  data_block_index_type: 0
  index_shortening: 1
  data_block_hash_table_util_ratio: 0.750000
  hash_index_allow_collision: 1
  checksum: 1
  no_block_cache: 0
  block_cache: 0x7fde906108b8
  block_cache_name: LRUCache
  block_cache_options:
    capacity : 8388608
    num_shard_bits : 4
    strict_capacity_limit : 0
    memory_allocator : None
    high_pri_pool_ratio: 0.000
  block_cache_compressed: 0x0
  persistent_cache: 0x0
  block_size: 4096
  block_size_deviation: 10
  block_restart_interval: 16
  index_block_restart_interval: 1
  metadata_block_size: 4096
  partition_filters: 0
  use_delta_encoding: 1
  filter_policy: nullptr
  whole_key_filtering: 1
  verify_compression: 0
  read_amp_bytes_per_bit: 0
  format_version: 2
  enable_index_compression: 1
  block_align: 0
2020/06/25-15:39:19.882806 113682dc0        Options.write_buffer_size: 67108864
2020/06/25-15:39:19.882808 113682dc0  Options.max_write_buffer_number: 2
2020/06/25-15:39:19.882810 113682dc0          Options.compression: LZ4
2020/06/25-15:39:19.882811 113682dc0                  Options.bottommost_compression: Disabled
2020/06/25-15:39:19.882813 113682dc0       Options.prefix_extractor: nullptr
2020/06/25-15:39:19.882815 113682dc0   Options.memtable_insert_with_hint_prefix_extractor: nullptr
2020/06/25-15:39:19.882816 113682dc0             Options.num_levels: 7
2020/06/25-15:39:19.882818 113682dc0        Options.min_write_buffer_number_to_merge: 1
2020/06/25-15:39:19.882819 113682dc0     Options.max_write_buffer_number_to_maintain: 0
2020/06/25-15:39:19.882821 113682dc0     Options.max_write_buffer_size_to_maintain: 0
2020/06/25-15:39:19.882822 113682dc0            Options.bottommost_compression_opts.window_bits: -14
2020/06/25-15:39:19.882824 113682dc0                  Options.bottommost_compression_opts.level: 32767
2020/06/25-15:39:19.882825 113682dc0               Options.bottommost_compression_opts.strategy: 0
2020/06/25-15:39:19.882827 113682dc0         Options.bottommost_compression_opts.max_dict_bytes: 0
2020/06/25-15:39:19.882828 113682dc0         Options.bottommost_compression_opts.zstd_max_train_bytes: 0
2020/06/25-15:39:19.882829 113682dc0                  Options.bottommost_compression_opts.enabled: false
2020/06/25-15:39:19.882831 113682dc0            Options.compression_opts.window_bits: -14
2020/06/25-15:39:19.882832 113682dc0                  Options.compression_opts.level: 32767
2020/06/25-15:39:19.882834 113682dc0               Options.compression_opts.strategy: 0
2020/06/25-15:39:19.882835 113682dc0         Options.compression_opts.max_dict_bytes: 0
2020/06/25-15:39:19.882837 113682dc0         Options.compression_opts.zstd_max_train_bytes: 0
2020/06/25-15:39:19.882838 113682dc0                  Options.compression_opts.enabled: false
2020/06/25-15:39:19.882839 113682dc0      Options.level0_file_num_compaction_trigger: 4
2020/06/25-15:39:19.882841 113682dc0          Options.level0_slowdown_writes_trigger: 20
2020/06/25-15:39:19.882842 113682dc0              Options.level0_stop_writes_trigger: 36
2020/06/25-15:39:19.882844 113682dc0                   Options.target_file_size_base: 67108864
2020/06/25-15:39:19.882845 113682dc0             Options.target_file_size_multiplier: 1
2020/06/25-15:39:19.882875 113682dc0                Options.max_bytes_for_level_base: 268435456
2020/06/25-15:39:19.882877 113682dc0 Options.level_compaction_dynamic_level_bytes: 0
2020/06/25-15:39:19.882879 113682dc0          Options.max_bytes_for_level_multiplier: 10.000000
2020/06/25-15:39:19.882881 113682dc0 Options.max_bytes_for_level_multiplier_addtl[0]: 1
2020/06/25-15:39:19.882882 113682dc0 Options.max_bytes_for_level_multiplier_addtl[1]: 1
2020/06/25-15:39:19.882883 113682dc0 Options.max_bytes_for_level_multiplier_addtl[2]: 1
2020/06/25-15:39:19.882885 113682dc0 Options.max_bytes_for_level_multiplier_addtl[3]: 1
2020/06/25-15:39:19.882886 113682dc0 Options.max_bytes_for_level_multiplier_addtl[4]: 1
2020/06/25-15:39:19.882887 113682dc0 Options.max_bytes_for_level_multiplier_addtl[5]: 1
2020/06/25-15:39:19.882889 113682dc0 Options.max_bytes_for_level_multiplier_addtl[6]: 1
2020/06/25-15:39:19.882890 113682dc0       Options.max_sequential_skip_in_iterations: 8
2020/06/25-15:39:19.882892 113682dc0                    Options.max_compaction_bytes: 1677721600
2020/06/25-15:39:19.882893 113682dc0                        Options.arena_block_size: 8388608
2020/06/25-15:39:19.882894 113682dc0   Options.soft_pending_compaction_bytes_limit: 68719476736
2020/06/25-15:39:19.882896 113682dc0   Options.hard_pending_compaction_bytes_limit: 274877906944
2020/06/25-15:39:19.882897 113682dc0       Options.rate_limit_delay_max_milliseconds: 100
2020/06/25-15:39:19.882899 113682dc0                Options.disable_auto_compactions: 0
2020/06/25-15:39:19.882902 113682dc0                        Options.compaction_style: kCompactionStyleLevel
2020/06/25-15:39:19.882905 113682dc0                          Options.compaction_pri: kMinOverlappingRatio
2020/06/25-15:39:19.882906 113682dc0 Options.compaction_options_universal.size_ratio: 1
2020/06/25-15:39:19.882907 113682dc0 Options.compaction_options_universal.min_merge_width: 2
2020/06/25-15:39:19.882909 113682dc0 Options.compaction_options_universal.max_merge_width: 4294967295
2020/06/25-15:39:19.882911 113682dc0 Options.compaction_options_universal.max_size_amplification_percent: 200
2020/06/25-15:39:19.882912 113682dc0 Options.compaction_options_universal.compression_size_percent: -1
2020/06/25-15:39:19.882915 113682dc0 Options.compaction_options_universal.stop_style: kCompactionStopStyleTotalSize
2020/06/25-15:39:19.882917 113682dc0 Options.compaction_options_fifo.max_table_files_size: 1073741824
2020/06/25-15:39:19.882918 113682dc0 Options.compaction_options_fifo.allow_compaction: 0
2020/06/25-15:39:19.882920 113682dc0                   Options.table_properties_collectors: 
2020/06/25-15:39:19.882921 113682dc0                   Options.inplace_update_support: 0
2020/06/25-15:39:19.882922 113682dc0                 Options.inplace_update_num_locks: 10000
2020/06/25-15:39:19.882924 113682dc0               Options.memtable_prefix_bloom_size_ratio: 0.000000
2020/06/25-15:39:19.882926 113682dc0               Options.memtable_whole_key_filtering: 0
2020/06/25-15:39:19.882927 113682dc0   Options.memtable_huge_page_size: 0
